0	1	0	-0.262375
0.005	0.998107	-0.0321922	-0.292943
0.01	0.995567	-0.0643635	-0.32332
0.015	0.992358	-0.0964913	-0.353481
0.02	0.988457	-0.128552	-0.383394
0.025	0.983841	-0.160519	-0.413031
0.03	0.978486	-0.192366	-0.442357
0.035	0.972368	-0.224062	-0.471337
0.04	0.965462	-0.255577	-0.499936
0.045	0.957744	-0.286876	-0.528114
0.05	0.949188	-0.317924	-0.555829
0.055	0.939768	-0.348683	-0.583039
0.06	0.92946	-0.379112	-0.609697
0.065	0.918238	-0.409168	-0.635756
0.07	0.906075	-0.438805	-0.661163
0.075	0.892945	-0.467973	-0.685864
0.08	0.878825	-0.496621	-0.709804
0.085	0.863688	-0.524695	-0.732923
0.09	0.847509	-0.552136	-0.755157
0.095	0.830266	-0.578882	-0.776443
0.1	0.811934	-0.60487	-0.79671
0.105	0.792491	-0.630029	-0.815887
0.11	0.771918	-0.65429	-0.833899
0.115	0.750194	-0.677574	-0.850668
0.12	0.727303	-0.699804	-0.866113
0.125	0.703229	-0.720895	-0.880149
0.13	0.677959	-0.74076	-0.892687
0.135	0.651484	-0.759307	-0.903638
0.14	0.623797	-0.776441	-0.912908
0.145	0.594896	-0.792063	-0.9204
0.15	0.564783	-0.80607	-0.926015
0.155	0.533464	-0.818356	-0.929653
0.16	0.500952	-0.82881	-0.931211
0.165	0.467265	-0.83732	-0.930584
0.17	0.43243	-0.84377	-0.927668
0.175	0.396479	-0.848042	-0.922358
0.18	0.359455	-0.850016	-0.914548
0.185	0.321409	-0.849571	-0.904136
0.19	0.282402	-0.846586	-0.891022
0.195	0.24251	-0.840941	-0.875108
0.2	0.201817	-0.832518	-0.856303
0.205	0.160424	-0.821202	-0.834523
0.21	0.118446	-0.806882	-0.809691
0.215	0.0760124	-0.789454	-0.78174
0.22	0.0332722	-0.768824	-0.750619
0.225	-0.00960878	-0.744907	-0.716288
0.23	-0.0524447	-0.717632	-0.67873
0.235	-0.0950293	-0.686945	-0.637945
0.24	-0.137135	-0.652812	-0.59396
0.245	-0.178512	-0.615221	-0.546831
0.25	-0.218888	-0.57419	-0.496643
0.255	-0.257967	-0.529764	-0.443521
0.26	-0.295432	-0.48203	-0.387629
0.265	-0.33094	-0.431112	-0.329178
0.27	-0.364132	-0.377181	-0.268428
0.275	-0.394625	-0.320462	-0.205695
0.28	-0.422023	-0.261235	-0.141355
0.285	-0.445916	-0.199845	-0.0758462
0.29	-0.465883	-0.136701	-0.00967588
0.295	-0.481505	-0.0722886	0.0565787
0.3	-0.492365	-0.00716777	0.122268
0.305	-0.498062	0.0580215	0.186668
0.31	-0.49822	0.122558	0.248985
0.315	-0.492498	0.185641	0.308357
0.32	-0.480609	0.246392	0.363859
0.325	-0.462334	0.303859	0.414518
0.33	-0.437537	0.35703	0.45932
0.335	-0.406189	0.404845	0.497235
0.34	-0.368386	0.446213	0.527236
0.345	-0.32437	0.480041	0.548329
0.35	-0.274547	0.505258	0.559591
0.355	-0.219511	0.520859	0.560206
0.36	-0.160055	0.525943	0.549512
0.365	-0.0971846	0.519763	0.527053
0.37	-0.0321209	0.501782	0.49263
0.375	0.0337006	0.471728	0.446359
0.38	0.0986469	0.429654	0.388719
0.385	0.160914	0.375994	0.320601
0.39	0.21857	0.311612	0.243348
0.395	0.269614	0.237845	0.158772
0.4	0.312053	0.156521	0.0691624
0.405	0.343993	0.0699609	-0.0227453
0.41	0.363748	-0.0190487	-0.11382
0.415	0.369954	-0.107322	-0.200628
0.42	0.361692	-0.19137	-0.279564
0.425	0.338605	-0.267546	-0.347014
0.43	0.300996	-0.332218	-0.399552
0.435	0.24991	-0.38198	-0.434168
0.44	0.187167	-0.413885	-0.448493
0.445	0.115352	-0.425677	-0.44103
0.45	0.0377475	-0.416019	-0.411348
0.455	-0.0418028	-0.384676	-0.360231
0.46	-0.119083	-0.33265	-0.289752
0.465	-0.189754	-0.26223	-0.203256
0.47	-0.249638	-0.17694	-0.105242
0.475	-0.295019	-0.0813963	-0.00113919
0.48	-0.322938	0.018946	0.103013
0.485	-0.331444	0.118135	0.200959
0.49	-0.319783	0.210126	0.286667
0.495	-0.288491	0.28921	0.354771
0.5	-0.239395	0.350443	0.400977
0.505	-0.175499	0.390008	0.422391
0.51	-0.100768	0.405503	0.417736
0.515	-0.019845	0.396105	0.387434
0.52	0.0622941	0.362601	0.333553
0.525	0.140701	0.307297	0.259615
0.53	0.210795	0.233799	0.170301
0.535	0.268665	0.146713	0.0710824
0.54	0.311295	0.0512775	-0.0321949
0.545	0.336704	-0.0470208	-0.133716
0.55	0.344004	-0.142816	-0.228071
0.555	0.333369	-0.231191	-0.310559
0.56	0.305929	-0.307941	-0.377421
0.565	0.263616	-0.369753	-0.425966
0.57	0.208973	-0.414309	-0.454624
0.575	0.144945	-0.440305	-0.462909
0.58	0.0746742	-0.447412	-0.45133
0.585	0.0013183	-0.436171	-0.421236
0.59	-0.0721112	-0.407868	-0.374659
0.595	-0.142879	-0.364365	-0.314112
0.6	-0.208609	-0.307948	-0.242426
0.605	-0.267346	-0.241163	-0.162569
0.61	-0.31758	-0.166673	-0.0775084
0.615	-0.358242	-0.0871312	0.00991503
0.62	-0.388683	-0.00507955	0.0970789
0.625	-0.408637	0.0771301	0.181644
0.63	-0.418175	0.157393	0.261598
0.635	-0.417649	0.233885	0.335272
0.64	-0.407637	0.305083	0.401348
0.645	-0.388891	0.369761	0.458842
0.65	-0.36229	0.426986	0.507083
0.655	-0.32879	0.476098	0.545685
0.66	-0.289391	0.516684	0.574512
0.665	-0.245098	0.548552	0.593641
0.67	-0.196899	0.571699	0.603331
0.675	-0.145743	0.586283	0.603983
0.68	-0.0925223	0.592596	0.59611
0.685	-0.0380649	0.591031	0.580312
0.69	0.016876	0.582063	0.557243
0.695	0.0716241	0.566225	0.527595
0.7	0.125582	0.544087	0.492076
0.705	0.178228	0.516242	0.451394
0.71	0.229117	0.483291	0.406245
0.715	0.277875	0.44583	0.357304
0.72	0.324191	0.404444	0.305215
0.725	0.367821	0.359696	0.250588
0.73	0.408569	0.312126	0.193993
0.735	0.446296	0.262241	0.135957
0.74	0.480904	0.210518	0.0769661
0.745	0.512334	0.157401	0.0174629
0.75	0.540563	0.103296	-0.0421529
0.755	0.565596	0.0485775	-0.101523
0.76	0.587465	-0.00641582	-0.160327
0.765	0.606222	-0.0613778	-0.218285
0.77	0.621938	-0.116034	-0.27515
0.775	0.634696	-0.170141	-0.330708
0.78	0.644592	-0.223483	-0.384778
0.785	0.651733	-0.275871	-0.437204
0.79	0.656229	-0.327141	-0.487858
0.795	0.658198	-0.377154	-0.536635
0.8	0.657758	-0.425788	-0.58345
0.805	0.655033	-0.472943	-0.628238
0.81	0.650143	-0.518537	-0.670952
0.815	0.64321	-0.562503	-0.711559
0.82	0.634354	-0.604789	-0.750039
0.825	0.623693	-0.645354	-0.786386
0.83	0.611342	-0.684172	-0.820603
0.835	0.597412	-0.721225	-0.852703
0.84	0.582012	-0.756503	-0.882705
0.845	0.565247	-0.790008	-0.910638
0.85	0.547216	-0.821746	-0.936533
0.855	0.528017	-0.851729	-0.960428
0.86	0.507741	-0.879977	-0.982366
0.865	0.486476	-0.906511	-1.00239
0.87	0.464305	-0.93136	-1.02055
0.875	0.441309	-0.954552	-1.0369
0.88	0.417561	-0.976121	-1.05148
0.885	0.393135	-0.996103	-1.06435
0.89	0.368096	-1.01453	-1.07557
0.895	0.342508	-1.03145	-1.08518
0.9	0.316431	-1.0469	-1.09325
0.905	0.28992	-1.06092	-1.09982
0.91	0.26303	-1.07354	-1.10494
0.915	0.235809	-1.08482	-1.10868
0.92	0.208303	-1.09478	-1.11108
0.925	0.180555	-1.10348	-1.1122
0.93	0.152608	-1.11096	-1.11208
0.935	0.124497	-1.11725	-1.11077
0.94	0.0962583	-1.1224	-1.10833
0.945	0.0679249	-1.12644	-1.1048
0.95	0.0395271	-1.12942	-1.10022
0.955	0.0110931	-1.13137	-1.09464
0.96	-0.0173507	-1.13233	-1.0881
0.965	-0.04578	-1.13233	-1.08065
0.97	-0.0741724	-1.13142	-1.07232
0.975	-0.102507	-1.12963	-1.06316
0.98	-0.130765	-1.12699	-1.0532
0.985	-0.158928	-1.12353	-1.04247
0.99	-0.186981	-1.11929	-1.03102
0.995	-0.214908	-1.1143	-1.01887
1	-0.242696	-1.10858	-1.00607
1.005	-0.27033	-1.10217	-0.992626
1.01	-0.297788	-1.09503	-0.978539
1.015	-0.325041	-1.08716	-0.963793
1.02	-0.352061	-1.07853	-0.948375
1.025	-0.378815	-1.06912	-0.932276
1.03	-0.405268	-1.05892	-0.915489
1.035	-0.431382	-1.0479	-0.898007
1.04	-0.45712	-1.03606	-0.879829
1.045	-0.482439	-1.02339	-0.860955
1.05	-0.507297	-1.00987	-0.841386
1.055	-0.531649	-0.995498	-0.82113
1.06	-0.555448	-0.980275	-0.800196
1.065	-0.578646	-0.964198	-0.778596
1.07	-0.601196	-0.947271	-0.756345
1.075	-0.623047	-0.9295	-0.733464
1.08	-0.644149	-0.910894	-0.709974
1.085	-0.664452	-0.891468	-0.685901
1.09	-0.683905	-0.871238	-0.661276
1.095	-0.702458	-0.850225	-0.63613
1.1	-0.720061	-0.828452	-0.610502
1.105	-0.736665	-0.805948	-0.58443
1.11	-0.752222	-0.782745	-0.557958
1.115	-0.766686	-0.758879	-0.531133
1.12	-0.780014	-0.73439	-0.504005
1.125	-0.792161	-0.709319	-0.476626
1.13	-0.803091	-0.683715	-0.449051
1.135	-0.812765	-0.657628	-0.421339
1.14	-0.821151	-0.631111	-0.393551
1.145	-0.828219	-0.60422	-0.365748
1.15	-0.833943	-0.577016	-0.337996
1.155	-0.838301	-0.549561	-0.310359
1.16	-0.841278	-0.52192	-0.282905
1.165	-0.84286	-0.494158	-0.255701
1.17	-0.84304	-0.466346	-0.228815
1.175	-0.841816	-0.438551	-0.202316
1.18	-0.839192	-0.410847	-0.17627
1.185	-0.835176	-0.383303	-0.150745
1.19	-0.829782	-0.355992	-0.125806
1.195	-0.823031	-0.328984	-0.101516
1.2	-0.814948	-0.302352	-0.077937
1.205	-0.805565	-0.276163	-0.055128
1.21	-0.794919	-0.250487	-0.0331446
1.215	-0.783051	-0.225389	-0.0120397
1.22	-0.770011	-0.200933	0.00813814
1.225	-0.755851	-0.177179	0.0273443
1.23	-0.740627	-0.154185	0.0455385
1.235	-0.724404	-0.132004	0.0626857
1.24	-0.707247	-0.110686	0.0787553
1.245	-0.689226	-0.090276	0.0937223
1.25	-0.670416	-0.0708139	0.107567
1.255	-0.650892	-0.0523351	0.120276
1.26	-0.630735	-0.03487	0.131841
1.265	-0.610025	-0.018443	0.142258
1.27	-0.588846	-0.00307333	0.151533
1.275	-0.567279	0.0112256	0.159672
1.28	-0.54541	0.0244461	0.166692
1.285	-0.523323	0.0365859	0.172611
1.29	-0.501099	0.0476488	0.177455
1.295	-0.478822	0.0576438	0.181255
1.3	-0.456571	0.0665854	0.184045
1.305	-0.434424	0.0744933	0.185865
1.31	-0.412455	0.081392	0.186758
1.315	-0.390737	0.0873109	0.186772
1.32	-0.369336	0.0922835	0.185955
1.325	-0.348318	0.0963471	0.184362
1.33	-0.327742	0.0995428	0.182047
1.335	-0.307662	0.101915	0.179067
1.34	-0.288128	0.10351	0.175481
1.345	-0.269186	0.104378	0.171348
1.35	-0.250875	0.104568	0.166728
1.355	-0.233229	0.104134	0.161679
1.36	-0.216277	0.103128	0.156261
1.365	-0.200042	0.101604	0.150531
1.37	-0.184543	0.0996157	0.144545
1.375	-0.169793	0.0972151	0.138359
1.38	-0.155799	0.0944547	0.132023
1.385	-0.142565	0.0913852	0.125589
1.39	-0.130089	0.0880558	0.119103
1.395	-0.118365	0.0845137	0.112609
1.4	-0.107383	0.080804	0.106148
1.405	-0.0971304	0.0769692	0.0997573
1.41	-0.0875891	0.0730494	0.0934713
1.415	-0.0787393	0.0690815	0.0873205
1.42	-0.0705585	0.0650999	0.0813319
1.425	-0.0630217	0.0611356	0.0755291
1.43	-0.056102	0.0572168	0.069932
1.435	-0.0497709	0.0533685	0.0645574
1.44	-0.0439989	0.0496126	0.0594187
1.445	-0.0387554	0.0459682	0.0545262
1.45	-0.0340094	0.0424511	0.0498871
1.455	-0.0297296	0.0390748	0.0455061
1.46	-0.0258849	0.0358496	0.0413852
1.465	-0.0224444	0.0327838	0.0375241
1.47	-0.0193777	0.0298829	0.0339202
1.475	-0.0166554	0.0271504	0.0305692
1.48	-0.0142487	0.0245881	0.0274651
1.485	-0.0121301	0.0221954	0.0246005
1.49	-0.0102733	0.0199708	0.0219666
1.495	-0.0086534	0.0179108	0.0195538
1.5	-0.00724673	0.0160112	0.0173516
1.505	-0.00603118	0.0142665	0.0153491
1.51	-0.00498609	0.0126704	0.0135347
1.515	-0.0040923	0.011216	0.0118967
1.52	-0.00333216	0.00989589	0.0104235
1.525	-0.00268945	0.00870238	0.00910314
1.53	-0.00214939	0.00762746	0.00792418
1.535	-0.00169858	0.00666306	0.00687529
1.54	-0.00132493	0.00580112	0.00594552
1.545	-0.00101761	0.00503371	0.00512435
1.55	-0.000766954	0.00435304	0.00440177
1.555	-0.000564403	0.00375162	0.00376827
1.56	-0.000402418	0.00322223	0.00321492
1.565	-0.000274396	0.00275802	0.00273339
1.57	-0.000174593	0.0023525	0.00231589
1.575	-9.80467e-05	0.00199962	0.00195529
1.58	-4.04936e-05	0.0016937	0.00164499
1.585	1.69976e-06	0.00142952	0.00137899
1.59	3.16084e-05	0.00120225	0.00115183
1.595	5.18144e-05	0.00100748	0.000958591
1.6	6.4468e-05	0.000841219	0.000794833
1.605	7.13442e-05	0.000699838	0.000656601
1.61	7.38937e-05	0.000580082	0.000540372
1.615	7.32898e-05	0.000479041	0.000443028
1.62	7.04703e-05	0.000394124	0.000361827
1.625	6.61745e-05	0.000323041	0.000294361
1.63	6.09764e-05	0.000263775	0.000238535
1.635	5.5313e-05	0.000214558	0.000192528
1.64	4.95098e-05	0.00017385	0.00015477
1.645	4.38018e-05	0.000140318	0.00012391
1.65	3.83521e-05	0.000112808	9.87934e-05
1.655	3.32671e-05	9.03319e-05	7.84388e-05
1.66	2.86094e-05	7.20441e-05	6.20137e-05
1.665	2.44088e-05	5.72262e-05	4.88171e-05
1.67	2.06702e-05	4.52702e-05	3.82608e-05
1.675	1.73815e-05	3.56642e-05	2.98542e-05
1.68	1.45186e-05	2.79792e-05	2.31896e-05
1.685	1.20498e-05	2.18575e-05	1.79302e-05
1.69	9.9394e-06	1.70023e-05	1.37988e-05
1.695	8.14989e-06	1.31685e-05	1.05688e-05
1.7	6.64402e-06	1.01545e-05	8.05553e-06
1.705	5.38594e-06	7.79571e-06	6.10946e-06
1.71	4.34209e-06	5.958e-06	4.61001e-06
1.715	3.48168e-06	4.5328e-06	3.46049e-06
1.72	2.77698e-06	3.43262e-06	2.58375e-06
1.725	2.20336e-06	2.58732e-06	1.91857e-06
1.73	1.73922e-06	1.94091e-06	1.41659e-06
1.735	1.36585e-06	1.44897e-06	1.03985e-06
1.74	1.06723e-06	1.07642e-06	7.58689e-07
1.745	8.2973e-07	7.95656e-07	5.5008e-07
1.75	6.41876e-07	5.85134e-07	3.96222e-07
1.755	4.94101e-07	4.28081e-07	2.83444e-07
1.76	3.78479e-07	3.11523e-07	2.01306e-07
1.765	2.88493e-07	2.25474e-07	1.41881e-07
1.77	2.1883e-07	1.62288e-07	9.9187e-08
1.775	1.6518e-07	1.16144e-07	6.87363e-08
1.78	1.24078e-07	8.26348e-08	4.71849e-08
1.785	9.27508e-08	5.84391e-08	3.20562e-08
1.79	6.89968e-08	4.10708e-08	2.15289e-08
1.795	5.10774e-08	2.86784e-08	1.42723e-08
1.8	3.76284e-08	1.98911e-08	9.32154e-09
1.805	2.75859e-08	1.37e-08	5.98216e-09
1.81	2.01252e-08	9.36675e-09	3.75824e-09
1.815	1.46108e-08	6.35473e-09	2.2986e-09
1.82	1.05556e-08	4.27606e-09	1.35673e-09
1.825	7.58856e-09	2.85225e-09	7.61277e-10
1.83	5.42876e-09	1.88468e-09	3.94284e-10
1.835	3.86456e-09	1.23265e-09	1.75498e-10
1.84	2.73748e-09	7.97153e-10	5.09801e-11
1.845	1.9295e-09	5.09071e-10	-1.50169e-11
1.85	1.35324e-09	3.20481e-10	-4.58031e-11
1.855	9.44351e-10	1.98434e-10	-5.62921e-11
1.86	6.55708e-10	1.20455e-10	-5.5806e-11
1.865	4.52998e-10	7.13533e-11	-5.00019e-11
1.87	3.11375e-10	4.09527e-11	-4.21789e-11
1.875	2.12941e-10	2.25065e-11	-3.41524e-11
1.88	1.44882e-10	1.15895e-11	-2.683e-11
1.885	9.80706e-11	5.33355e-12	-2.05846e-11
1.89	6.6042e-11	1.90442e-12	-1.54901e-11
1.895	4.42432e-11	1.46621e-13	-1.14668e-11
1.9	2.94853e-11	-6.55051e-13	-8.36831e-12
1.905	1.95473e-11	-9.34115e-13	-6.0301e-12
1.91	1.28906e-11	-9.46607e-13	-4.29562e-12
1.915	8.45583e-12	-8.38726e-13	-3.02794e-12
1.92	5.5172e-12	-6.90139e-13	-2.11353e-12
1.925	3.58053e-12	-5.41261e-13	-1.46174e-12
1.93	2.31115e-12	-4.10145e-13	-1.00216e-12
1.935	1.4837e-12	-3.02696e-13	-6.81376e-13
1.94	9.47293e-13	-2.18693e-13	-4.59577e-13
1.945	6.01494e-13	-1.55214e-13	-3.07593e-13
1.95	3.79817e-13	-1.08484e-13	-2.04338e-13
1.955	2.38511e-13	-7.48085e-14	-1.34767e-13
1.96	1.48954e-13	-5.09726e-14	-8.82686e-14
1.965	9.25286e-14	-3.43669e-14	-5.744e-14
1.97	5.72016e-14	-2.29672e-14	-3.71709e-14
1.975	3.5245e-14	-1.52572e-14	-2.397e-14
1.98	2.17339e-14	-1.01332e-14	-1.54806e-14
1.985	1.35636e-14	-6.8154e-15	-1.01354e-14
1.99	8.81446e-15	-4.77282e-15	-6.9183e-15
1.995	6.35158e-15	-3.66724e-15	-5.20526e-15
2	5.58769e-15	-3.31611e-15	-4.666e-15
